Pretty Print: Result of Pass1:
                                                                                                               
                                                                                                               
                  1  1  1  1  1  1  1  1  1  1                                               2                 
                  1  1  1  1  1  1  1  1  1  1                                3  3  3        2  2              
                              1  1                                         3  3  3  3  3     2                 
                              1  1                                      3  3           3  2                    
                              1  1                                   3  3                 2  2                 
                              1  1                                   3  3                 2  2                 
                  4           1  1                                   3  3              2  2  2                 
                     4        1  1                                      3  3           2  2                    
                        4     1  1                                         3  3  3  2  2                       
                           1  1  1  1                                         3  2  2                          
                           1  1  1  1  1                                                                       
                                    1                                                                          
                                 1                          5  5  5                                            
                              1                          5  5  5  5  5                                         
                           1                          5  5  5     5  5  5                       6  6           
                        1                          5  5                 5  5                    6  6           
                     1                             5  5                 5  5                                   
            7  7  1           8  8                 5  5                 5  5                    9  9           
            7  1           8  8                    5  5                 5  5                    9  9           
            1  1        8  8           10          5  5                 5  5                    9  9           
            1  1     8  8                 10       5  5  5  5  5  5  5  5  5                    9  9           
            1  1     8  8                 10       5  5  5  5  5  5  5  5  5                    9  9           
            1  1  1  1                    10       5  5                 5  5                    9  9           
            1  1     1  1                    10    5  5                 5  5                    9  9           
            1  1              11             10    5  5                 5  5                    9  9           
            1  1           11 11             10    5  5                 5  5        12 12    9  9  9           
            1  1           11 11             10    5  5                 5  5           12 9     9  9           
            1  1           11 11             10                         5              9  9  9  9              
            1  1              11 11       10    10                         5              9  9  9  9           
            1  1                 11 11 10          10                   5     5        9              9        
                                                      10                5        5  5                 9        
                                                         10          5              5     13                   
                                                            10    5                    5  5                    
                                                               5                       5                       
                                                                                                               


Content of EquivalentArray after Pass1:
index   value
1 1
2 2
3 2
4 1
5 5
6 6
7 1
8 8
9 5
10 5
11 10
12 9
13 5

Pretty Print: Result of Pass2:
                                                                                                               
                                                                                                               
                  1  1  1  1  1  1  1  1  1  1                                               2                 
                  1  1  1  1  1  1  1  1  1  1                                3  3  3        2  2              
                              1  1                                         3  3  3  3  3     2                 
                              1  1                                      3  3           3  2                    
                              1  1                                   3  3                 2  2                 
                              1  1                                   3  3                 2  2                 
                  4           1  1                                   3  3              2  2  2                 
                     4        1  1                                      3  3           2  2                    
                        4     1  1                                         3  3  3  2  2                       
                           1  1  1  1                                         3  2  2                          
                           1  1  1  1  1                                                                       
                                    1                                                                          
                                 1                          5  5  5                                            
                              1                          5  5  5  5  5                                         
                           1                          5  5  5     5  5  5                       6  6           
                        1                          5  5                 5  5                    6  6           
                     1                             5  5                 5  5                                   
            7  7  1           8  8                 5  5                 5  5                    9  9           
            7  1           8  8                    5  5                 5  5                    9  9           
            1  1        8  8           10          5  5                 5  5                    9  9           
            1  1     8  8                 10       5  5  5  5  5  5  5  5  5                    9  9           
            1  1     8  8                 10       5  5  5  5  5  5  5  5  5                    9  9           
            1  1  1  1                    10       5  5                 5  5                    9  9           
            1  1     1  1                    10    5  5                 5  5                    9  9           
            1  1              11             10    5  5                 5  5                    9  9           
            1  1           11 11             10    5  5                 5  5        12 12    9  9  9           
            1  1           11 11             10    5  5                 5  5           12 9     9  9           
            1  1           11 11             10                         5              9  9  9  9              
            1  1              11 11       10    10                         5              9  9  9  9           
            1  1                 11 11 10          10                   5     5        9              9        
                                                      10                5        5  5                 9        
                                                         10          5              5     13                   
                                                            10    5                    5  5                    
                                                               5                       5                       
                                                                                                               


Content of EquivalentArray after Pass2:
index   value
1 1
2 2
3 2
4 1
5 5
6 6
7 1
8 8
9 5
10 5
11 10
12 9
13 5


Content of EquivalentArray after managing the array:
index   value
1 1
2 2
3 2
4 1
5 3
6 4
7 1
8 5
9 3
10 3
11 3
12 3
13 3

Pretty Print: Result of Pass3:
                                                                                                               
                                                                                                               
                  1  1  1  1  1  1  1  1  1  1                                               2                 
                  1  1  1  1  1  1  1  1  1  1                                2  2  2        2  2              
                              1  1                                         2  2  2  2  2     2                 
                              1  1                                      2  2           2  2                    
                              1  1                                   2  2                 2  2                 
                              1  1                                   2  2                 2  2                 
                  1           1  1                                   2  2              2  2  2                 
                     1        1  1                                      2  2           2  2                    
                        1     1  1                                         2  2  2  2  2                       
                           1  1  1  1                                         2  2  2                          
                           1  1  1  1  1                                                                       
                                    1                                                                          
                                 1                          3  3  3                                            
                              1                          3  3  3  3  3                                         
                           1                          3  3  3     3  3  3                       4  4           
                        1                          3  3                 3  3                    4  4           
                     1                             3  3                 3  3                                   
            1  1  1           5  5                 3  3                 3  3                    3  3           
            1  1           5  5                    3  3                 3  3                    3  3           
            1  1        5  5           3           3  3                 3  3                    3  3           
            1  1     5  5                 3        3  3  3  3  3  3  3  3  3                    3  3           
            1  1     5  5                 3        3  3  3  3  3  3  3  3  3                    3  3           
            1  1  1  1                    3        3  3                 3  3                    3  3           
            1  1     1  1                    3     3  3                 3  3                    3  3           
            1  1              3              3     3  3                 3  3                    3  3           
            1  1           3  3              3     3  3                 3  3        3  3     3  3  3           
            1  1           3  3              3     3  3                 3  3           3  3     3  3           
            1  1           3  3              3                          3              3  3  3  3              
            1  1              3  3        3     3                          3              3  3  3  3           
            1  1                 3  3  3           3                    3     3        3              3        
                                                      3                 3        3  3                 3        
                                                         3           3              3     3                    
                                                            3     3                    3  3                    
                                                               3                       3                       
                                                                                                               


Content of EquivalentArray after Pass3:
index   value
1 1
2 2
3 2
4 1
5 3
6 4
7 1
8 5
9 3
10 3
11 3
12 3
13 3


Result of the Array after DrawBowes:
                                                                                                               
                                                                                                               
                  1  1  1  1  1  1  1  1  1  1                                      2  2  2  2  2              
                  1  1  1  1  1  1  1  1  1  1                                2  2  2        2  2              
                  1           1  1           1                             2  2  2  2  2     2  2              
                  1           1  1           1                          2  2        2  2  2     2              
                  1           1  1           1                       2  2           2     2  2  2              
                  1           1  1           1                       2  2           2     2  2  2              
                  1           1  1           1                       2  2           2  2  2  2  2              
                  1  1        1  1           1                          2  2        2  2  2     2              
                  1     1     1  1           1                             2  2  2  2  2        2              
                  1        1  1  1  1        1                                2  2  2  2  2  2  2              
                  1        1  1  1  1  1     1                                                                 
                  1                 1        1                                                                 
                  1              1           1     3  3  3  3  3  3  3  3  3  3  3  3  3  3  3  3  3  3        
                  1           1              1     3     3  3  3  3  3                                3        
                  1        1                 1     3  3  3  3     3  3  3                       4  4  3        
                  1     1                    1     3  3                 3  3                    4  4  3        
                  1  1                       1     3  3                 3  3                          3        
            1  1  1           5  5           1     3  3                 3  3                    3  3  3        
            1  1  1        5  5  5           1     3  3                 3  3                    3  3  3        
            1  1  1     5  5  5  5     3     1     3  3                 3  3                    3  3  3        
            1  1  1  5  5     5  5        3  1     3  3  3  3  3  3  3  3  3                    3  3  3        
            1  1  1  5  5     5  5        3  1     3  3  3  3  3  3  3  3  3                    3  3  3        
            1  1  1  1                    3  1     3  3                 3  3                    3  3  3        
            1  1  1  1  1                    1     3  3                 3  3                    3  3  3        
            1  1  1           3              1     3  3                 3  3                    3  3  3        
            1  1  1        3  3              1     3  3                 3  3        3  3     3  3  3  3        
            1  1  1        3  3              1     3  3                 3  3           3  3     3  3  3        
            1  1  1        3  3              1     3                    3              3  3  3  3     3        
            1  1  1           3  3        3  1  3  3                       3              3  3  3  3  3        
            1  1  1  1  1  1  1  1  1  1  1  1     3                    3     3        3              3        
                                                   3  3                 3        3  3                 3        
                                                   3     3           3              3     3           3        
                                                   3        3     3                    3  3           3        
                                                   3  3  3  3  3  3  3  3  3  3  3  3  3  3  3  3  3  3        
                                                                                                               

