Pretty Print: Result of Pass1:
                                                                                                               
                                                                                                               
                  1  1  1  1  1  1  1  1  1  1                                               2                 
                  1  1  1  1  1  1  1  1  1  1                                3  3  3        2  2              
                              1  1                                         4  3  3  3  3     2                 
                              1  1                                      5  4           3  3                    
                              1  1                                   6  5                 3  3                 
                              1  1                                   6  5                 3  3                 
                  7           1  1                                   6  5              8  3  3                 
                     9        1  1                                      5  5           8  3                    
                        10    1  1                                         5  5  5  5  5                       
                           11 1  1  1                                         5  5  5                          
                           11 1  1  1  1                                                                       
                                    1                                                                          
                                 12                         13 13 13                                           
                              14                         15 13 13 13 13                                        
                           16                         17 15 13    13 13 13                      18 18          
                        19                         20 17                13 13                   18 18          
                     21                            20 17                13 13                                  
            22 22 22          23 23                20 17                13 13                   24 24          
            22 22          25 23                   20 17                13 13                   24 24          
            22 22       26 25          27          20 17                13 13                   24 24          
            22 22    28 26                29       20 17 17 17 17 17 17 13 13                   24 24          
            22 22    28 26                29       20 17 17 17 17 17 17 13 13                   24 24          
            22 22 22 22                   29       20 17                13 13                   24 24          
            22 22    22 22                   30    20 17                13 13                   24 24          
            22 22             31             30    20 17                13 13                   24 24          
            22 22          32 31             30    20 17                13 13       33 33    34 24 24          
            22 22          32 31             30    20 17                13 13          33 33    24 24          
            22 22          32 31             30                         13             33 33 33 24             
            22 22             31 31       35    36                         37             33 33 24 24          
            22 22                31 31 31          38                   39    40       41             42       
                                                      43                39       44 44                42       
                                                         45          46             44    47                   
                                                            48    49                   50 47                   
                                                               51                      50                      
                                                                                                               


Content of EquivalentArray after Pass1:
index   value
1 1
2 2
3 3
4 3
5 4
6 5
7 7
8 5
9 9
10 10
11 1
12 12
13 13
14 14
15 13
16 16
17 13
18 18
19 19
20 17
21 21
22 22
23 23
24 24
25 23
26 25
27 27
28 22
29 29
30 30
31 31
32 31
33 24
34 24
35 35
36 36
37 37
38 38
39 39
40 40
41 41
42 42
43 43
44 44
45 45
46 46
47 47
48 48
49 49
50 47
51 51

Pretty Print: Result of Pass2:
                                                                                                               
                                                                                                               
                  1  1  1  1  1  1  1  1  1  1                                               2                 
                  1  1  1  1  1  1  1  1  1  1                                3  3  3        2  2              
                              1  1                                         3  3  3  3  3     2                 
                              1  1                                      4  4           3  3                    
                              1  1                                   5  5                 3  3                 
                              1  1                                   5  5                 3  3                 
                  7           1  1                                   5  5              3  3  3                 
                     9        1  1                                      5  5           3  3                    
                        10    1  1                                         5  5  5  5  5                       
                           1  1  1  1                                         5  5  5                          
                           1  1  1  1  1                                                                       
                                    1                                                                          
                                 12                         13 13 13                                           
                              14                         13 13 13 13 13                                        
                           16                         13 13 13    13 13 13                      18 18          
                        19                         13 13                13 13                   18 18          
                     21                            13 13                13 13                                  
            22 22 22          23 23                13 13                13 13                   24 24          
            22 22          23 23                   13 13                13 13                   24 24          
            22 22       25 25          27          13 13                13 13                   24 24          
            22 22    22 26                29       13 13 13 13 13 13 13 13 13                   24 24          
            22 22    22 26                29       13 13 13 13 13 13 13 13 13                   24 24          
            22 22 22 22                   29       17 17                13 13                   24 24          
            22 22    22 22                   30    17 17                13 13                   24 24          
            22 22             31             30    17 17                13 13                   24 24          
            22 22          31 31             30    17 17                13 13       24 24    24 24 24          
            22 22          31 31             30    17 17                13 13          24 24    24 24          
            22 22          31 31             30                         13             24 24 24 24             
            22 22             31 31       35    36                         37             24 24 24 24          
            22 22                31 31 31          38                   39    40       41             42       
                                                      43                39       44 44                42       
                                                         45          46             44    47                   
                                                            48    49                   47 47                   
                                                               51                      50                      
                                                                                                               


Content of EquivalentArray after Pass2:
index   value
1 1
2 2
3 3
4 3
5 4
6 5
7 7
8 3
9 9
10 10
11 1
12 12
13 13
14 14
15 13
16 16
17 13
18 18
19 19
20 13
21 21
22 22
23 23
24 24
25 23
26 25
27 27
28 22
29 29
30 30
31 31
32 31
33 24
34 24
35 35
36 36
37 37
38 38
39 39
40 40
41 41
42 42
43 43
44 44
45 45
46 46
47 47
48 48
49 49
50 47
51 51


Content of EquivalentArray after managing the array:
index   value
1 1
2 2
3 3
4 3
5 3
6 3
7 4
8 3
9 5
10 6
11 1
12 7
13 8
14 9
15 8
16 10
17 8
18 11
19 12
20 8
21 13
22 14
23 15
24 16
25 15
26 15
27 17
28 14
29 18
30 19
31 20
32 20
33 16
34 16
35 21
36 22
37 23
38 24
39 25
40 26
41 27
42 28
43 29
44 30
45 31
46 32
47 33
48 34
49 35
50 33
51 36

Pretty Print: Result of Pass3:
                                                                                                               
                                                                                                               
                  1  1  1  1  1  1  1  1  1  1                                               2                 
                  1  1  1  1  1  1  1  1  1  1                                3  3  3        2  2              
                              1  1                                         3  3  3  3  3     2                 
                              1  1                                      3  3           3  3                    
                              1  1                                   3  3                 3  3                 
                              1  1                                   3  3                 3  3                 
                  4           1  1                                   3  3              3  3  3                 
                     5        1  1                                      3  3           3  3                    
                        6     1  1                                         3  3  3  3  3                       
                           1  1  1  1                                         3  3  3                          
                           1  1  1  1  1                                                                       
                                    1                                                                          
                                 7                          8  8  8                                            
                              9                          8  8  8  8  8                                         
                           10                         8  8  8     8  8  8                       11 11          
                        12                         8  8                 8  8                    11 11          
                     13                            8  8                 8  8                                   
            14 14 14          15 15                8  8                 8  8                    16 16          
            14 14          15 15                   8  8                 8  8                    16 16          
            14 14       15 15          17          8  8                 8  8                    16 16          
            14 14    14 15                18       8  8  8  8  8  8  8  8  8                    16 16          
            14 14    14 15                18       8  8  8  8  8  8  8  8  8                    16 16          
            14 14 14 14                   18       8  8                 8  8                    16 16          
            14 14    14 14                   19    8  8                 8  8                    16 16          
            14 14             20             19    8  8                 8  8                    16 16          
            14 14          20 20             19    8  8                 8  8        16 16    16 16 16          
            14 14          20 20             19    8  8                 8  8           16 16    16 16          
            14 14          20 20             19                         8              16 16 16 16             
            14 14             20 20       21    22                         23             16 16 16 16          
            14 14                20 20 20          24                   25    26       27             28       
                                                      29                25       30 30                28       
                                                         31          32             30    33                   
                                                            34    35                   33 33                   
                                                               36                      33                      
                                                                                                               


Content of EquivalentArray after Pass3:
index   value
1 1
2 2
3 3
4 3
5 3
6 3
7 4
8 3
9 5
10 6
11 1
12 7
13 8
14 9
15 8
16 10
17 8
18 11
19 12
20 8
21 13
22 14
23 15
24 16
25 15
26 15
27 17
28 14
29 18
30 19
31 20
32 20
33 16
34 16
35 21
36 22
37 23
38 24
39 25
40 26
41 27
42 28
43 29
44 30
45 31
46 32
47 33
48 34
49 35
50 33
51 36


Result of the Array after DrawBowes:
                                                                                                               
                                                                                                               
                  1  1  1  1  1  1  1  1  1  1                                               2  2              
                  1  1  1  1  1  1  1  1  1  1                                3  3  3  3  3  3  2              
                              1  1           1                             3  3  3  3  3     3  2              
                              1  1           1                          3  3        3  3  3  3                 
                              1  1           1                       3  3           3     3  3                 
                              1  1           1                       3  3           3     3  3                 
                  4           1  1           1                       3  3           3  3  3  3                 
                     5        1  1           1                          3  3        3  3  3  3                 
                        6     1  1           1                             3  3  3  3  3     3                 
                           1  1  1  1        1                                3  3  3  3  3  3                 
                           1  1  1  1  1     1                                                                 
                              1  1  1  1  1  1                                                                 
                                 7                 8  8  8  8  8  8  8  8  8                                   
                              9                    8     8  8  8  8  8     8                                   
                           10                      8  8  8  8     8  8  8  8                    11 11          
                        12                         8  8                 8  8                    11 11          
                     13                            8  8                 8  8                                   
            14 14 14 14 14    15 15                8  8                 8  8           16 16 16 16 16          
            14 14       14 15 15 15                8  8                 8  8           16       16 16          
            14 14       14 15 15 15    17          8  8                 8  8           16       16 16          
            14 14    14 14    15 15       18       8  8  8  8  8  8  8  8  8           16       16 16          
            14 14    14 14    15 15       18       8  8  8  8  8  8  8  8  8           16       16 16          
            14 14 14 14 14                18       8  8                 8  8           16       16 16          
            14 14    14 14                   19    8  8                 8  8           16       16 16          
            14 14       14    20 20 20 20    19    8  8                 8  8           16       16 16          
            14 14       14 20 20       20    19    8  8                 8  8        16 16    16 16 16          
            14 14       14 20 20       20    19    8  8                 8  8           16 16    16 16          
            14 14       14 20 20       20    19    8  8  8  8  8  8  8  8  8           16 16 16 16 16          
            14 14       14    20 20    20 21    22                         23          16 16 16 16 16          
            14 14 14 14 14    20 20 20 20          24                   25    26       27             28       
                                                      29                25       30 30                28       
                                                         31          32          30 30    33                   
                                                            34    35                   33 33                   
                                                               36                      33 33                   
                                                                                                               

